1 4
2 4
3 4
4 4
5 4
6 6
7 6
8 5
9 6
10 5
11 5
12 5
13 5
14 5
15 5
16 5
17 5
18 4
19 5
20 5
21 5
22 5
23 4
24 5
25 4
26 5
27 4
28 5
29 5
30 4
31 4
32 6
33 6
34 4
35 6
36 6
37 4
38 4
39 4
40 5
41 5
42 4
43 5
44 5
45 6
46 6
47 5
48 5
49 5
50 5
51 5
52 5
53 6
54 4
55 6
56 6
57 6
58 5
59 6
60 5
61 4
62 5
63 5
64 4
65 6
66 6
67 5
68 5
69 4
70 6
71 4
72 4
73 5
74 4
75 4
76 6
77 6
78 4
79 4
80 4
81 4
82 4
83 4
84 4
85 4
86 4
87 5
88 6
89 6
90 5
91 5
92 7
93 7
94 7
95 7
96 7
97 7
98 5
99 5
100 4
101 6
102 5
103 6
104 4
105 5
106 5
107 5
108 5
109 5
110 7
111 5
112 5
113 5
114 5
115 5
116 7
117 4
118 5
119 6
120 4
121 5
122 7
123 5
124 4
125 5
126 4
127 5
128 5
129 7
130 5
131 5
132 5
133 5
134 5
135 7
136 7
137 5
138 5
139 6
140 5
141 7
142 7
143 6
144 5
145 7
146 4
147 5
148 5
149 5
150 5
151 5
152 5
153 7
154 7
155 5
156 5
157 5
158 5
159 5
160 5
161 5
162 5
163 5
164 5
165 5
166 5
167 5
168 5
169 5
170 5
171 5
172 7
173 6
174 4
175 6
176 5
177 7
178 5
179 7
180 5
181 5
182 5
183 5
184 5
185 5
186 6
187 5
188 5
189 7
190 7
191 4
192 6
193 6
194 6
195 4
196 5
197 7
198 5
199 5
200 5
201 5
202 5
203 5
204 5
205 7
206 7
207 5
208 5
209 5
210 5
211 5
212 5
213 5
214 5
215 5
216 5
217 4
218 4
219 4
220 6
221 6
222 6
223 6
224 4
225 4
226 6
227 5
228 5
229 5
230 5
231 4
232 4
233 4
234 4
235 4
236 4
237 5
238 5
239 5
240 5
241 4
242 5
243 6
244 5
245 5
246 6
247 4
248 5
249 5
250 5
251 5
252 5
253 5
254 5
255 5
256 7
257 5
258 5
259 5
260 5
261 5
262 5
263 6
264 6
265 5
266 4
267 5
268 5
269 5
270 7
271 4
272 6
273 4
274 5
275 7
276 5
277 6
278 4
279 4
280 4
281 5
282 7
283 6
284 5
285 4
286 6
287 4
288 4
289 5
290 5
291 5
292 5
293 4
294 4
295 5
296 6
297 5
298 5
299 7
300 6
301 7
302 5
303 5
304 4
305 4
306 6
307 4
308 4
309 5
310 5
311 8
312 8
313 8
314 5
315 5
316 5
317 7
318 6
319 5
320 5
321 7
322 5
323 5
324 5
325 5
326 7
327 5
328 5
329 4
330 4
331 5
332 5
333 5
334 4
335 5
336 6
337 5
338 4
339 4
340 5
341 4
342 6
343 5
344 6
345 5
346 7
347 5
348 5
349 5
350 7
351 5
352 5
353 5
354 7
355 5
356 6
357 6
358 4
359 4
360 7
361 7
362 5
363 4
364 6
365 5
366 5
367 5
368 7
369 6
370 5
371 5
372 4
373 4
374 5
375 5
376 5
377 5
378 5
379 5
380 5
381 4
382 5
383 5
384 4
385 4
386 4
387 5
388 6
389 5
390 5
391 5
392 5
393 5
394 7
395 5
396 6
397 5
398 4
399 5
400 5
401 7
402 5
403 5
404 7
405 5
406 6
407 4
408 5
409 5
410 5
411 5
412 5
413 5
414 7
415 5
416 5
417 5
418 5
419 5
420 5
421 7
422 6
423 6
424 7
425 5
426 5
427 4
428 4
429 6
430 4
431 4
432 4
433 5
434 5
435 7
436 5
437 5
438 6
439 6
440 6
441 4
442 4
443 6
444 4
445 5
446 5
447 8
448 8
449 8
450 8
451 8
452 4
453 5
454 5
455 8
456 8
457 7
458 7
459 6
460 6
461 8
462 8
463 8
464 8
465 6
466 6
467 8
468 8
469 5
470 5
471 5
472 6
473 8
474 6
475 8
476 5
477 5
478 7
479 5
480 5
481 5
482 5
483 5
484 5
485 5
486 5
487 5
488 5
489 5
490 7
491 5
492 5
493 5
494 5
495 5
496 4
497 5
498 4
499 6
500 4
501 4
502 4
503 4
504 4
505 6
506 5
507 5
508 5
509 4
510 5
511 5
512 4
513 5
514 5
515 4
516 5
517 7
518 5
519 5
520 5
521 7
522 5
523 5
524 6
525 6
526 7
527 5
528 6
529 4
530 5
531 6
532 5
533 7
534 5
535 6
536 5
537 5
538 7
539 6
540 5
541 7
542 5
543 5
544 4
545 5
546 5
547 5
548 5
549 5
550 4
551 5
552 5
553 5
554 5
555 5
556 5
557 5
558 5
559 5
560 6
561 5
562 5
563 5
564 5
565 5
566 5
567 4
568 6
569 5
570 6
571 5
572 5
573 5
574 6
575 5
576 5
577 5
578 5
579 6
580 6
581 7
582 5
583 7
584 5
585 5
586 5
587 6
588 6
589 4
590 5
591 6
592 5
593 5
594 7
595 5
596 5
597 5
598 5
599 5
600 5
601 7
602 5
603 5
604 6
605 5
606 5
607 7
608 7
609 5
610 5
611 7
612 6
613 7
614 5
615 7
616 5
617 5
618 4
619 4
620 8
621 5
622 5
623 5
624 5
625 5
626 5
627 6
628 7
629 6
630 6
631 6
632 6
633 6
634 6
635 5
636 4
637 5
638 6
639 7
640 5
641 8
642 5
643 6
644 5
645 7
646 5
647 5
648 7
649 5
650 5
651 7
652 5
653 7
654 7
655 7
656 7
657 7
658 4
659 6
660 6
661 4
662 5
663 5
664 4
665 4
666 6
667 5
668 5
669 6
670 6
671 4
672 4
673 4
674 4
675 5
676 5
677 4
678 4
679 6
680 6
681 5
682 5
683 5
684 5
685 5
686 5
687 4
688 6
689 6
690 4
691 5
692 5
693 5
694 5
695 5
696 5
697 4
698 6
699 5
700 5
701 6
702 5
703 5
704 5
705 5
706 5
707 5
708 5
709 5
710 5
711 5
712 4
713 6
714 4
715 4
716 4
717 4
718 4
719 4
720 4
721 4
722 4
723 5
724 6
725 4
726 5
727 5
728 5
729 5
730 5
731 5
732 5
733 5
734 5
735 5
736 5
737 5
738 5
739 5
740 5
741 5
742 5
743 8
744 4
745 8
746 4
747 5
748 5
749 4
750 6
751 6
752 4
753 5
754 5
755 7
756 5
757 7
758 8
759 8
760 4
761 9
762 5
763 9
764 5
765 6
766 6
767 6
768 7
769 5
770 6
771 5
772 5
773 4
774 5
775 5
776 5
777 7
778 5
779 7
780 5
781 7
782 7
783 7
784 7
785 5
786 5
787 5
788 6
789 8
790 7
791 5
792 5
793 5
794 5
795 5
796 7
797 7
798 7
799 7
800 5
801 5
802 5
803 5
804 6
805 5
806 5
807 6
808 6
809 5
810 6
811 6
812 5
813 6
814 4
815 4
816 5
817 4
818 5
819 5
820 5
821 5
822 5
823 5
824 5
825 5
826 5
827 7
828 5
829 5
830 7
831 5
832 7
833 5
834 7
835 7
836 5
837 5
838 7
839 6
840 6
841 4
842 4
843 4
844 5
845 6
846 6
847 4
848 4
849 5
850 6
851 4
852 7
853 4
854 5
855 5
856 5
857 4
858 6
859 5
860 5
861 5
862 5
863 5
864 5
865 4
866 5
867 5
868 4
869 6
870 6
871 4
872 4
873 5
874 5
875 5
876 6
877 5
878 5
879 5
880 5
881 5
882 5
883 6
884 4
885 7
886 5
887 7
888 5
889 5
890 4
891 6
892 5
893 5
894 5
895 5
896 8
897 5
898 9
899 6
900 5
901 5
902 5
903 5
904 5
905 5
906 7
907 5
908 5
909 5
910 6
911 5
912 9
913 6
914 9
915 9
916 4
917 6
918 5
919 4
920 4
921 4
922 6
923 6
924 6
925 5
926 7
927 6
928 6
929 6
930 6
931 6
932 5
933 7
934 7
935 5
936 4
937 4
938 6
939 6
940 6
941 6
942 8
943 8
944 6
945 5
946 7
947 4
948 8
949 5
950 5
951 5
952 5
953 6
954 6
955 6
956 6
957 6
958 6
959 6
960 6
961 6
962 6
963 7
964 5
965 6
966 6
967 6
968 6
969 6
970 6
971 6
972 6
973 6
974 6
975 6
976 6
977 6
978 6
979 6
980 6
981 6
982 6
983 6
984 6
985 6
986 6
987 6
988 6
989 5
990 5
991 6
992 6
993 6
994 6
995 7
996 7
997 7
998 7
999 5
1000 5
1001 5
1002 5
1003 7
1004 6
1005 6
1006 6
1007 6
1008 6
1009 6
1010 6
1011 6
1012 6
1013 6
1014 6
1015 6
1016 6
1017 6
1018 6
1019 7
1020 7
1021 6
1022 6
1023 6
1024 6
1025 6
1026 6
1027 6
1028 6
1029 6
1030 6
1031 6
1032 7
1033 5
1034 6
1035 6
1036 6
1037 6
1038 6
1039 7
1040 5
1041 6
1042 7
1043 7
1044 7
1045 6
1046 6
1047 7
1048 5
1049 7
1050 7
1051 7
1052 6
1053 6
1054 6
1055 6
1056 4
1057 6
1058 4
1059 6
1060 6
1061 6
1062 7
1063 7
1064 7
1065 7
1066 4
1067 4
1068 8
1069 8
1070 4
1071 4
1072 8
1073 8
1074 8
1075 8
1076 6
1077 6
1078 6
1079 6
1080 6
1081 6
1082 6
1083 5
1084 7
1085 5
1086 7
1087 7
1088 7
1089 6
1090 6
1091 6
1092 4
1093 6
1094 7
1095 4
1096 8
1097 4
1098 8
1099 8
1100 5
1101 7
1102 6
1103 6
1104 6
1105 6
1106 6
1107 6
1108 6
1109 6
1110 7
1111 6
1112 5
1113 6
1114 6
1115 6
1116 7
1117 5
1118 7
1119 7
1120 7
1121 5
1122 7
1123 7
1124 7
1125 7
1126 5
1127 6
1128 6
1129 6
1130 6
1131 7
1132 5
1133 7
1134 7
1135 5
1136 7
1137 6
1138 8
1139 8
1140 6
1141 8
1142 8
1143 8
1144 7
1145 7
1146 7
1147 7
1148 7
1149 7
1150 7
1151 7
1152 7
1153 8
1154 8
1155 8
1156 8
1157 7
1158 6
1159 8
1160 8
1161 6
1162 6
1163 8
1164 8
1165 8
1166 6
1167 8
1168 8
1169 8
1170 5
1171 7
1172 5
1173 7
1174 7
1175 7
1176 6
1177 7
1178 8
1179 6
1180 8
1181 8
1182 6
1183 8
1184 8
1185 5
1186 5
1187 5
1188 8
1189 8
1190 6
1191 7
1192 4
1193 6
1194 8
1195 6
1196 5
1197 5
1198 5
1199 7
1200 7
1201 7
1202 7
1203 7
1204 7
1205 8
1206 8
1207 6
1208 8
1209 8
1210 8
1211 6
1212 8
1213 6
1214 7
1215 7
1216 7
1217 6
1218 6
1219 7
1220 8
1221 6
1222 5
1223 5
1224 7
1225 7
1226 6
1227 8
1228 8
1229 8
1230 6
1231 8
1232 6
1233 6
1234 8
1235 6
1236 8
1237 8
1238 8
1239 6
1240 8
1241 5
1242 5
1243 5
1244 5
1245 6
1246 6
1247 6
1248 6
1249 7
1250 7
1251 8
1252 8
1253 6
1254 8
1255 8
1256 8
1257 8
1258 6
1259 6
1260 8
1261 8
1262 6
1263 8
1264 7
1265 6
1266 8
1267 5
1268 5
1269 5
1270 7
1271 5
1272 8
1273 8
1274 8
1275 6
1276 7
1277 4
1278 6
1279 6
1280 6
1281 8
1282 8
1283 6
1284 5
1285 7
1286 5
1287 7
1288 7
1289 5
1290 5
1291 6
1292 6
1293 5
1294 5
1295 5
1296 5
1297 6
1298 6
1299 6
1300 5
1301 6
1302 6
1303 6
1304 6
1305 6
1306 6
1307 6
1308 6
1309 6
1310 6
1311 6
1312 6
1313 6
1314 6
1315 6
1316 6
1317 6
1318 6
1319 6
1320 6
1321 6
1322 6
1323 6
1324 6
1325 6
1326 6
1327 6
1328 6
1329 5
1330 6
1331 6
1332 6
1333 5
1334 5
1335 5
1336 5
1337 6
1338 5
1339 6
1340 6
1341 7
1342 7
1343 7
1344 7
1345 7
1346 8
1347 6
1348 6
1349 6
1350 6
1351 6
1352 5
1353 5
1354 8
1355 7
1356 8
1357 7
1358 6
1359 6
1360 6
1361 8
1362 6
1363 6
1364 6
1365 6
1366 6
1367 7
1368 7
1369 7
1370 7
1371 7
1372 6
1373 6
1374 6
1375 6
1376 7
1377 6
1378 7
1379 7
1380 6
1381 6
1382 7
1383 7
1384 7
1385 7
1386 6
1387 6
1388 6
1389 7
1390 6
1391 6
1392 7
1393 7
1394 5
1395 5
1396 6
1397 5
1398 7
1399 6
1400 5
1401 5
1402 6
1403 7
1404 6
1405 6
1406 6
1407 6
1408 6
1409 6
1410 6
1411 6
1412 6
1413 6
1414 6
1415 5
1416 7
1417 6
1418 5
1419 7
1420 7
1421 7
1422 6
1423 6
1424 7
1425 7
1426 6
1427 8
1428 6
1429 7
1430 7
1431 8
1432 8
1433 8
1434 8
1435 8
1436 8
1437 6
1438 6
1439 6
1440 6
1441 6
1442 7
1443 7
1444 7
1445 7
1446 7
1447 7
1448 7
1449 6
1450 8
1451 7
1452 7
1453 6
1454 8
1455 7
1456 6
1457 6
1458 6
1459 6
1460 6
1461 6
1462 6
1463 5
1464 6
1465 6
1466 6
1467 6
1468 6
1469 7
1470 7
1471 6
1472 6
1473 6
1474 6
1475 6
1476 7
1477 7
1478 7
1479 5
1480 7
1481 6
1482 6
1483 6
1484 6
1485 6
1486 7
1487 8
1488 6
1489 6
1490 7
1491 8
1492 8
1493 8
1494 6
1495 8
1496 6
1497 8
1498 6
1499 8
1500 6
1501 6
1502 6
1503 6
1504 6
1505 6
1506 6
1507 7
1508 7
1509 6
1510 6
1511 6
1512 6
1513 6
1514 6
1515 6
1516 6
1517 6
1518 6
1519 6
1520 6
1521 7
1522 6
1523 6
1524 6
1525 6
1526 6
1527 6
1528 7
1529 5
1530 5
1531 6
1532 6
1533 5
1534 6
1535 6
1536 6
1537 5
1538 7
1539 5
1540 5
1541 7
1542 7
1543 7
1544 5
1545 6
1546 6
1547 6
1548 6
1549 7
1550 7
1551 8
1552 7
1553 7
1554 8
1555 6
1556 8
1557 8
1558 6
1559 8
1560 6
1561 6
1562 6
1563 8
1564 8
1565 6
1566 6
1567 6
1568 6
1569 7
1570 7
1571 6
1572 7
1573 6
1574 7
1575 7
1576 7
1577 7
1578 7
1579 6
1580 8
1581 6
1582 6
1583 8
1584 6
1585 5
1586 5
1587 8
1588 6
1589 8
1590 6
1591 6
1592 4
1593 4
1594 8
1595 5
1596 4
1597 6
1598 8
1599 8
1600 8
1601 8
1602 8
1603 8
1604 8
1605 6
1606 6
1607 6
1608 6
1609 6
1610 6
1611 8
1612 8
1613 7
1614 6
1615 6
1616 5
1617 5
1618 8
1619 6
1620 6
1621 7
1622 8
1623 6
1624 7
1625 6
1626 6
1627 6
1628 6
1629 6
1630 7
1631 7
1632 6
1633 6
1634 7
1635 7
1636 6
1637 7
1638 6
1639 6
1640 6
1641 6
1642 6
1643 6
1644 6
1645 6
1646 6
1647 6
1648 6
1649 6
1650 6
1651 5
1652 6
1653 5
1654 6
1655 6
1656 7
1657 7
1658 6
1659 6
1660 6
1661 7
1662 7
1663 7
1664 6
1665 7
1666 7
1667 6
1668 6
1669 8
1670 7
1671 8
1672 7
1673 7
1674 7
1675 7
1676 7
1677 7
1678 7
1679 7
1680 7
1681 8
1682 8
1683 7
1684 6
1685 7
1686 7
1687 8
1688 8
1689 8
1690 8
1691 8
1692 7
1693 8
1694 6
1695 8
1696 6
1697 8
1698 6
1699 7
1700 7
1701 7
1702 7
1703 7
1704 5
1705 5
1706 6
1707 6
1708 6
1709 7
1710 7
1711 8
1712 7
1713 8
1714 7
1715 8
1716 7
1717 7
1718 6
1719 8
1720 8
1721 5
1722 8
1723 6
1724 6
1725 5
1726 6
1727 7
1728 7
1729 7
1730 7
1731 8
1732 7
1733 8
1734 8
1735 8
1736 8
1737 8
1738 8
1739 8
1740 8
1741 6
1742 6
1743 6
1744 8
1745 8
1746 8
1747 7
1748 8
1749 7
1750 8
1751 8
1752 7
1753 7
1754 7
1755 8
1756 8
1757 6
1758 8
1759 8
1760 8
1761 4
1762 6
1763 6
1764 4
1765 8
1766 8
1767 6
1768 6
1769 8
1770 8
1771 8
1772 8
1773 4
1774 6
1775 7
1776 7
1777 8
1778 4
1779 4
1780 8
1781 4
1782 8
1783 6
1784 6
1785 6
1786 6
1787 4
1788 4
1789 4
1790 4
1791 5
1792 7
1793 5
1794 7
1795 4
1796 6
1797 6
1798 6
1799 6
1800 8
1801 8
1802 4
1803 4
1804 4
1805 6
1806 6
1807 8
1808 8
1809 6
1810 6
1811 4
1812 4
1813 4
1814 8
1815 8
1816 8
1817 8
1818 5
1819 5
1820 8
1821 8
1822 5
1823 5
1824 8
1825 5
1826 5
1827 5
1828 5
1829 5
1830 5
1831 5
1832 5
1833 5
1834 6
1835 6
1836 6
1837 6
1838 6
1839 6
1840 5
1841 6
1842 6
1843 8
1844 6
1845 6
1846 6
1847 6
1848 6
1849 8
1850 8
1851 8
1852 8
1853 8
1854 8
1855 8
1856 8
1857 8
1858 8
1859 8
1860 8
1861 6
1862 6
1863 6
1864 8
1865 5
1866 5
1867 5
1868 5
1869 8
1870 8
1871 8
1872 8
1873 8
1874 8
1875 8
1876 8
1877 8
1878 6
1879 6
1880 6
1881 7
1882 8
1883 7
1884 6
1885 8
1886 6
1887 5
1888 5
1889 6
1890 6
1891 6
1892 6
1893 8
1894 8
1895 6
1896 8
1897 8
1898 5
1899 6
1900 7
1901 7
1902 8
1903 6
1904 6
1905 6
1906 6
1907 6
1908 7
1909 6
1910 6
1911 6
1912 6
1913 6
1914 6
1915 6
1916 6
1917 6
1918 6
1919 6
1920 6
1921 6
1922 8
1923 6
1924 5
1925 6
1926 6
1927 5
1928 5
1929 8
1930 6
1931 6
1932 6
1933 6
1934 6
1935 6
1936 8
1937 6
1938 6
1939 6
1940 8
1941 8
1942 8
1943 5
1944 8
1945 8
1946 8
1947 8
1948 6
1949 6
1950 6
1951 8
1952 6
1953 7
1954 7
1955 7
1956 7
1957 7
1958 7
1959 6
1960 6
1961 7
1962 7
1963 8
1964 7
1965 9
1966 7
1967 6
1968 8
1969 8
1970 8
1971 8
1972 8
1973 8
1974 8
1975 6
1976 8
1977 8
1978 8
1979 6
1980 8
1981 8
1982 8
1983 6
1984 8
1985 6
1986 8
1987 8
1988 8
1989 6
1990 8
1991 8
1992 6
1993 6
1994 8
1995 9
1996 7
1997 8
1998 6
1999 9
2000 7
2001 8
2002 8
2003 8
2004 8
2005 8
2006 6
2007 8
2008 8
2009 8
2010 8
2011 6
2012 8
2013 8
2014 8
2015 6
2016 8
2017 8
2018 8
2019 9
2020 8
2021 6
2022 8
2023 8
2024 6
2025 8
2026 6
2027 8
2028 6
2029 6
2030 6
2031 6
2032 6
2033 6
2034 6
2035 6
2036 6
2037 6
2038 7
2039 7
2040 7
2041 7
2042 6
2043 6
2044 7
2045 7
2046 7
2047 7
2048 9
2049 7
2050 7
2051 7
2052 7
2053 6
2054 6
2055 8
2056 8
2057 6
2058 8
2059 8
2060 8
2061 6
2062 8
2063 8
2064 8
2065 6
2066 8
2067 6
2068 8
2069 8
2070 8
2071 8
2072 8
2073 8
2074 8
2075 8
2076 8
2077 6
2078 8
2079 8
2080 6
2081 8
2082 8
2083 8
2084 8
2085 6
2086 6
2087 7
2088 7
2089 7
2090 7
2091 7
2092 7
2093 6
2094 8
2095 8
2096 8
2097 6
2098 8
2099 8
2100 8
2101 8
2102 8
2103 8
2104 6
2105 6
2106 7
2107 9
2108 7
2109 9
2110 6
2111 6
2112 8
2113 8
2114 8
2115 6
2116 6
2117 8
2118 8
2119 8
2120 8
2121 8
2122 8
2123 8
2124 6
2125 6
2126 8
2127 6
2128 6
2129 8
2130 8
2131 6
2132 6
2133 8
2134 6
2135 6
2136 8
2137 8
2138 6
2139 7
2140 8
2141 6
2142 8
2143 8
2144 8
2145 8
2146 8
2147 6
2148 6
2149 8
2150 8
2151 6
2152 7
2153 6
2154 6
2155 8
2156 8
2157 7
2158 7
2159 7
2160 7
2161 7
2162 7
2163 7
2164 6
2165 6
2166 6
2167 8
2168 7
2169 7
2170 8
2171 8
2172 7
2173 7
2174 6
2175 8
2176 8
2177 7
2178 7
2179 6
2180 8
2181 6
2182 8
2183 8
2184 8
2185 8
2186 8
2187 6
2188 6
2189 8
2190 8
2191 8
2192 8
2193 8
2194 8
2195 7
2196 7
2197 6
2198 8
2199 8
2200 6
2201 8
2202 8
2203 6
2204 6
2205 7
2206 9
2207 7
2208 7
2209 6
2210 6
2211 7
2212 7
2213 7
2214 6
2215 6
2216 8
2217 8
2218 8
2219 8
2220 8
2221 8
2222 7
2223 7
2224 7
2225 7
2226 9
2227 8
2228 8
2229 8
2230 6
2231 8
2232 8
2233 7
2234 7
2235 8
2236 7
2237 8
2238 8
2239 8
2240 7
2241 9
2242 6
2243 8
2244 7
2245 7
2246 9
2247 9
2248 6
2249 8
2250 8
2251 6
2252 6
2253 8
2254 8
2255 8
2256 8
2257 6
2258 8
2259 6
2260 6
2261 6
2262 6
2263 6
2264 6
2265 6
2266 6
2267 6
2268 8
2269 7
2270 7
2271 6
2272 8
2273 6
2274 8
2275 6
2276 8
2277 7
2278 7
2279 7
2280 7
2281 7
2282 7
2283 7
2284 6
2285 6
2286 8
2287 8
2288 8
2289 8
2290 6
2291 7
2292 6
2293 8
2294 7
2295 8
2296 6
2297 9
2298 6
2299 8
2300 6
2301 6
2302 6
2303 8
2304 8
2305 6
2306 7
2307 7
2308 7
2309 6
2310 8
2311 8
2312 8
2313 8
2314 6
2315 8
2316 8
2317 8
2318 8
2319 6
2320 8
2321 7
2322 7
2323 7
2324 8
2325 8
2326 7
2327 6
2328 8
2329 8
2330 8
2331 8
2332 8
2333 7
2334 7
2335 8
2336 8
2337 8
2338 8
2339 7
2340 6
2341 8
2342 8
2343 6
2344 8
2345 6
2346 6
2347 6
2348 7
2349 7
2350 7
2351 7
2352 9
2353 7
2354 9
2355 7
2356 7
2357 9
2358 7
2359 9
2360 6
2361 6
2362 6
2363 9
2364 9
2365 8
2366 8
2367 8
2368 8
2369 8
2370 8
2371 8
2372 8
2373 8
2374 8
2375 9
2376 6
2377 9
2378 9
2379 9
2380 8
2381 8
2382 8
2383 8
2384 8
2385 8
2386 9
2387 9
2388 7
2389 7
2390 9
2391 7
2392 9
2393 9
2394 9
2395 9
2396 9
2397 8
2398 8
2399 9
2400 9
2401 9
2402 9
2403 9
2404 8
2405 6
2406 6
2407 6
2408 9
2409 9
2410 8
2411 8
2412 8
2413 8
2414 8
2415 8
2416 9
2417 8
2418 8
2419 8
2420 7
2421 8
2422 8
2423 9
2424 9
2425 9
2426 9
2427 6
2428 6
2429 9
2430 8
2431 8
2432 8
2433 8
2434 8
2435 8
2436 8
2437 8
2438 8
2439 8
2440 8
2441 8
2442 6
2443 8
2444 6
2445 8
2446 8
2447 8
2448 9
2449 8
2450 7
2451 7
2452 9
2453 6
2454 8
2455 8
2456 9
2457 7
2458 8
2459 8
2460 8
2461 7
2462 7
2463 8
2464 9
2465 9
2466 7
2467 9
2468 7
2469 9
2470 9
2471 7
2472 7
2473 8
2474 8
2475 6
2476 8
2477 8
2478 8
2479 6
2480 8
2481 8
2482 8
2483 8
2484 6
2485 6
2486 6
2487 8
2488 8
2489 8
2490 8
2491 8
2492 8
2493 8
2494 8
2495 9
2496 9
2497 8
2498 9
2499 9
2500 9
2501 9
2502 9
2503 6
2504 6
2505 6
2506 8
2507 8
2508 8
2509 8
2510 9
2511 9
2512 6
2513 9
2514 9
2515 9
2516 9
2517 9
2518 9
2519 9
2520 9
2521 9
2522 6
2523 6
2524 8
2525 6
2526 6
2527 6
2528 6
2529 7
2530 8
2531 6
2532 6
2533 6
2534 8
2535 6
2536 8
2537 6
2538 6
2539 6
2540 8
2541 6
2542 8
2543 8
2544 6
2545 6
2546 6
2547 8
2548 6
2549 6
2550 6
2551 8
2552 7
2553 7
2554 7
2555 6
2556 7
2557 7
2558 6
2559 6
2560 7
2561 7
2562 7
2563 7
2564 6
2565 6
2566 8
2567 6
2568 6
2569 8
2570 8
2571 8
2572 6
2573 8
2574 8
2575 7
2576 7
2577 6
2578 6
2579 6
2580 6
2581 6
2582 7
2583 7
2584 6
2585 8
2586 6
2587 8
2588 8
2589 8
2590 6
2591 6
2592 7
2593 7
2594 8
2595 8
2596 6
2597 8
2598 7
2599 6
2600 8
2601 8
2602 8
2603 7
2604 8
2605 6
2606 6
2607 6
2608 6
2609 6
2610 6
2611 6
2612 6
2613 9
2614 7
2615 9
2616 8
2617 8
2618 6
2619 8
2620 8
2621 6
2622 8
2623 8
2624 8
2625 7
2626 7
2627 7
2628 8
2629 6
2630 8
2631 8
2632 8
2633 8
2634 8
2635 7
2636 9
2637 6
2638 6
2639 8
2640 8
2641 6
2642 8
2643 6
2644 9
2645 9
2646 9
2647 9
2648 9
2649 7
2650 9
2651 7
2652 9
2653 9
2654 8
2655 8
2656 8
2657 8
2658 8
2659 7
2660 6
2661 8
2662 8
2663 7
2664 7
2665 7
2666 7
2667 7
2668 8
2669 6
2670 6
2671 6
2672 8
2673 9
2674 8
2675 8
2676 7
2677 8
2678 8
2679 6
2680 8
2681 6
2682 8
2683 7
2684 8
2685 8
2686 6
2687 6
2688 6
2689 7
2690 8
2691 8
2692 6
2693 6
2694 8
2695 6
2696 6
2697 8
2698 7
2699 7
2700 7
2701 7
2702 6
2703 6
2704 6
2705 8
2706 7
2707 7
2708 7
2709 7
2710 6
2711 6
2712 6
2713 6
2714 6
2715 6
2716 8
2717 7
2718 7
2719 9
2720 8
2721 8
2722 8
2723 8
2724 8
2725 8
2726 9
2727 9
2728 6
2729 8
2730 8
2731 8
2732 9
2733 7
2734 8
2735 8
2736 8
2737 8
2738 8
2739 7
2740 8
2741 8
2742 8
2743 7
2744 7
2745 8
2746 8
2747 8
2748 8
2749 8
2750 8
2751 8
2752 8
2753 8
2754 8
2755 8
2756 6
2757 6
2758 7
2759 7
2760 7
2761 7
2762 6
2763 8
2764 8
2765 8
2766 6
2767 7
2768 8
2769 8
2770 7
2771 7
2772 6
2773 8
2774 8
2775 8
2776 8
2777 8
2778 6
2779 8
2780 6
2781 8
2782 7
2783 7
2784 8
2785 9
2786 8
2787 8
2788 8
2789 8
2790 6
2791 6
2792 8
2793 8
2794 7
2795 6
2796 7
2797 9
2798 7
2799 9
2800 9
2801 9
2802 9
2803 6
2804 8
2805 8
2806 8
2807 8
2808 7
2809 7
2810 7
2811 9
2812 9
2813 9
2814 8
2815 8
2816 8
2817 8
2818 8
2819 8
2820 9
2821 9
2822 8
2823 8
2824 7
2825 7
2826 6
2827 8
2828 8
2829 7
2830 8
2831 7
2832 7
2833 6
2834 7
2835 7
2836 7
2837 6
2838 8
2839 8
2840 8
2841 6
2842 6
2843 7
2844 9
2845 7
2846 9
2847 8
2848 8
2849 8
2850 6
2851 8
2852 8
2853 6
2854 8
2855 7
2856 8
2857 8
2858 6
2859 8
2860 6
2861 8
2862 8
2863 7
2864 8
2865 8
2866 6
2867 6
2868 8
2869 6
2870 8
2871 8
2872 8
2873 7
2874 7
2875 9
2876 9
2877 8
2878 8
2879 8
2880 7
2881 9
2882 8
2883 8
2884 9
2885 9
2886 9
2887 9
2888 9
2889 9
2890 7
2891 8
2892 8
2893 6
2894 8
2895 7
2896 7
2897 8
2898 7
2899 7
2900 9
2901 9
2902 7
2903 8
2904 9
2905 9
2906 7
2907 9
2908 9
2909 9
2910 9
2911 9
2912 8
2913 7
2914 8
2915 6
2916 6
2917 6
2918 6
2919 8
2920 6
2921 8
2922 7
2923 8
2924 6
2925 8
2926 8
2927 6
2928 8
2929 8
2930 6
2931 8
2932 7
2933 6
2934 6
2935 7
2936 7
2937 7
2938 6
2939 8
2940 8
2941 8
2942 7
2943 9
2944 8
2945 8
2946 6
2947 8
2948 6
2949 8
2950 8
2951 8
2952 9
2953 9
2954 9
2955 8
2956 8
2957 9
2958 8
2959 8
2960 8
2961 8
2962 7
2963 7
2964 9
2965 9
2966 9
2967 9
2968 8
2969 7
2970 7
2971 8
2972 7
2973 7
2974 9
2975 7
2976 8
2977 8
2978 7
2979 8
2980 8
2981 8
2982 9
2983 8
2984 8
2985 8
2986 8
2987 8
2988 7
2989 9
2990 8
2991 8
2992 8
2993 6
2994 6
2995 6
2996 8
2997 8
2998 8
2999 8
3000 9
3001 9
3002 7
3003 7
3004 9
3005 9
3006 9
3007 8
3008 8
3009 8
3010 8
3011 8
3012 8
3013 8
3014 8
3015 8
3016 7
3017 9
3018 9
3019 9
3020 9
3021 9
3022 7
3023 7
3024 7
3025 7
3026 7
3027 8
3028 9
3029 6
3030 9
3031 9
3032 7
3033 9
3034 7
3035 9
3036 7
3037 8
3038 6
3039 7
3040 9
3041 8
3042 8
3043 7
3044 9
3045 7
3046 6
3047 9
3048 9
3049 9
3050 9
3051 9
3052 6
3053 7
3054 6
3055 9
3056 9
3057 9
3058 9
3059 9
3060 9
3061 8
3062 8
3063 10
3064 10
3065 9
3066 9
3067 9
3068 9
3069 9
3070 9
3071 9
3072 9
3073 9
3074 9
3075 9
3076 9
3077 9
3078 9
3079 9
3080 9
3081 9
3082 8
3083 10
3084 9
3085 8
3086 8
3087 10
3088 10
3089 9
3090 9
3091 9
3092 9
3093 9
3094 9
3095 9
3096 9
3097 9
3098 9
3099 9
3100 9
3101 10
3102 8
3103 9
3104 9
3105 9
3106 10
3107 10
3108 10
3109 8
3110 10
3111 10
3112 8
3113 8
3114 8
3115 10
3116 10
3117 8
3118 8
3119 8
3120 8
3121 10
3122 10
3123 8
3124 10
3125 8
3126 10
3127 8
3128 8
3129 8
3130 10
3131 10
3132 9
3133 9
3134 9
3135 9
3136 9
3137 9
3138 9
3139 9
3140 9
3141 9
3142 9
3143 9
3144 9
3145 10
3146 10
3147 10
3148 10
3149 8
3150 10
3151 10
3152 10
3153 10
3154 10
3155 10
3156 10
3157 10
3158 10
3159 9
3160 9
3161 9
3162 9
3163 9
3164 9
3165 9
3166 9
3167 9
3168 9
3169 9
3170 9
3171 9
3172 9
3173 9
3174 9
3175 9
3176 8
3177 10
3178 8
3179 10
3180 10
3181 9
3182 9
3183 9
3184 9
3185 9
3186 9
3187 9
3188 9
3189 9
3190 9
3191 9
3192 9
3193 9
3194 9
3195 9
3196 9
3197 9
3198 9
3199 9
3200 9
3201 9
3202 9
3203 9
3204 9
3205 9
3206 9
3207 8
3208 8
3209 8
3210 8
3211 9
3212 9
3213 8
3214 10
3215 9
3216 9
3217 8
3218 10
3219 8
3220 8
3221 8
3222 8
3223 8
3224 8
3225 9
3226 9
3227 9
3228 9
3229 9
3230 9
3231 9
3232 9
3233 9
3234 9
3235 9
3236 9
3237 8
3238 8
3239 10
3240 9
3241 9
3242 9
3243 9
3244 9
3245 9
3246 9
3247 9
3248 9
3249 9
3250 9
3251 9
3252 9
3253 9
3254 9
3255 9
3256 9
3257 9
3258 9
3259 9
3260 9
3261 9
3262 9
3263 9
3264 9
3265 9
3266 9
3267 9
3268 9
3269 9
3270 9
3271 9
3272 9
3273 9
3274 9
3275 9
3276 9
3277 9
3278 9
3279 9
3280 9
3281 9
3282 9
3283 10
3284 9
3285 9
3286 9
3287 9
3288 9
3289 9
3290 9
3291 8
3292 10
3293 8
3294 10
3295 10
3296 9
3297 9
3298 9
3299 9
3300 9
3301 9
3302 9
3303 9
3304 9
3305 9
3306 9
3307 9
3308 9
3309 9
3310 9
3311 9
3312 10
3313 8
3314 9
3315 8
3316 9
3317 8
3318 10
3319 8
3320 10
3321 10
3322 8
3323 8
3324 8
3325 8
3326 9
3327 9
3328 9
3329 10
3330 8
3331 8
3332 8
3333 9
3334 8
3335 10
3336 8
3337 10
3338 10
3339 8
3340 8
3341 8
3342 8
3343 8
3344 8
3345 8
3346 8
3347 9
3348 9
3349 9
3350 9
3351 9
3352 9
3353 9
3354 9
3355 9
3356 9
3357 9
3358 9
3359 10
3360 10
3361 8
3362 8
3363 8
3364 10
3365 9
3366 9
3367 9
3368 8
3369 8
3370 8
3371 9
3372 9
3373 9
3374 9
3375 9
3376 9
3377 9
3378 9
3379 9
3380 9
3381 9
3382 9
3383 9
3384 9
3385 9
3386 9
3387 9
3388 9
3389 9
3390 9
3391 9
3392 9
3393 9
3394 9
3395 9
3396 9
3397 9
3398 9
3399 9
3400 9
3401 9
3402 9
3403 9
3404 9
3405 9
3406 9
3407 9
3408 9
3409 9
3410 9
3411 9
3412 9
3413 9
3414 9
3415 9
3416 9
3417 9
3418 9
3419 9
3420 9
3421 8
3422 10
3423 9
3424 9
3425 9
3426 9
3427 9
3428 9
3429 9
3430 9
3431 9
3432 9
3433 9
3434 10
3435 10
3436 10
3437 10
3438 10
3439 10
3440 10
3441 10
3442 10
3443 10
3444 10
3445 10
3446 10
3447 10
3448 10
3449 10
3450 10
3451 10
3452 10
3453 10
3454 10
3455 10
3456 10
3457 10
3458 10
3459 9
3460 9
3461 9
3462 9
3463 9
3464 10
3465 10
3466 10
3467 10
3468 10
3469 10
3470 10
3471 10
3472 9
3473 9
3474 10
3475 10
3476 10
3477 10
3478 10
3479 10
3480 8
3481 9
3482 10
3483 10
3484 10
3485 10
3486 9
3487 9
3488 9
3489 10
3490 9
3491 9
3492 9
3493 9
3494 9
3495 9
3496 9
3497 9
3498 10
3499 10
3500 10
3501 9
3502 9
3503 9
3504 9
3505 9
3506 9
3507 9
3508 10
3509 10
3510 10
3511 9
3512 9
3513 9
3514 8
3515 8
3516 8
3517 10
3518 9
3519 9
3520 9
3521 9
3522 9
3523 9
3524 10
3525 9
3526 10
3527 10
3528 10
3529 10
3530 10
3531 10
3532 10
3533 9
3534 9
3535 9
3536 9
3537 9
3538 10
3539 10
3540 10
3541 10
3542 10
3543 10
3544 10
3545 10
3546 10
3547 10
3548 10
3549 10
3550 10
3551 10
3552 10
3553 10
3554 10
3555 10
3556 10
3557 10
3558 10
3559 9
3560 9
3561 8
3562 8
3563 9
3564 10
3565 10
3566 10
3567 10
3568 10
3569 10
3570 9
3571 9
3572 10
3573 10
3574 10
3575 10
3576 9
3577 9
3578 9
3579 9
3580 10
3581 10
3582 10
3583 10
3584 10
3585 9
3586 9
3587 9
3588 9
3589 9
3590 9
3591 9
3592 9
3593 9
3594 9
3595 9
3596 9
3597 10
3598 8
3599 10
3600 10
3601 10
3602 9
3603 9
3604 9
3605 9
3606 9
3607 9
3608 9
3609 9
3610 9
3611 9
3612 9
3613 10
3614 9
3615 9
3616 9
3617 9
3618 9
3619 10
3620 10
3621 9
3622 9
3623 9
3624 9
3625 9
3626 9
3627 9
3628 9
3629 9
3630 9
3631 9
3632 9
3633 9
3634 9
3635 10
3636 10
3637 9
3638 9
3639 9
3640 9
3641 9
3642 9
3643 9
3644 9
3645 9
3646 9
3647 9
3648 9
3649 9
3650 9
3651 9
3652 9
3653 9
3654 9
3655 9
3656 9
3657 9
3658 9
3659 8
3660 10
3661 9
3662 9
3663 8
3664 9
3665 9
3666 9
3667 9
3668 9
3669 9
3670 9
3671 9
3672 10
3673 10
3674 10
3675 10
3676 9
3677 10
3678 10
3679 10
3680 10
3681 10
3682 9
3683 9
3684 9
3685 9
3686 9
3687 9
3688 9
3689 9
3690 9
3691 9
3692 10
3693 10
3694 10
3695 10
3696 10
3697 10
3698 10
3699 9
3700 10
3701 9
3702 9
3703 9
3704 9
3705 8
3706 9
3707 10
3708 10
3709 8
3710 8
3711 8
3712 8
3713 9
3714 9
3715 9
3716 9
3717 10
3718 10
3719 8
3720 9
3721 9
3722 9
3723 9
3724 9
3725 9
3726 9
3727 9
3728 9
3729 9
3730 9
3731 9
3732 9
3733 9
3734 8
3735 10
3736 10
3737 9
3738 10
3739 10
3740 9
3741 10
3742 10
3743 10
3744 10
3745 10
3746 9
3747 9
3748 9
3749 9
3750 9
3751 9
3752 9
3753 9
3754 8
3755 8
3756 8
3757 9
3758 8
3759 9
3760 9
3761 9
3762 9
3763 9
3764 9
3765 10
3766 8
3767 9
3768 9
3769 9
3770 9
3771 9
3772 9
3773 9
3774 9
3775 9
3776 9
3777 10
3778 9
3779 9
3780 9
3781 9
3782 10
3783 10
3784 10
3785 10
3786 10
3787 10
3788 9
3789 9
3790 9
3791 10
3792 10
3793 8
3794 8
3795 8
3796 9
3797 10
3798 9
3799 9
3800 9
3801 9
3802 9
3803 8
3804 9
3805 9
3806 9
3807 9
3808 9
3809 10
3810 9
3811 9
3812 10
3813 10
3814 8
3815 9
3816 9
3817 10
3818 9
3819 9
3820 9
3821 9
3822 9
3823 10
3824 9
3825 9
3826 9
3827 9
3828 10
3829 10
3830 10
3831 10
3832 10
3833 10
3834 9
3835 10
3836 10
3837 9
3838 9
3839 10
3840 10
3841 10
3842 9
3843 10
3844 10
3845 10
3846 10
3847 9
3848 9
3849 10
3850 10
3851 10
3852 10
3853 10
3854 10
3855 8
3856 8
3857 10
3858 10
3859 10
3860 10
3861 8
3862 8
3863 8
3864 8
3865 8
3866 8
3867 8
3868 8
3869 8
3870 8
3871 8
3872 9
3873 9
3874 9
3875 9
3876 8
3877 8
3878 8
3879 8
3880 9
3881 9
3882 9
3883 9
3884 9
3885 9
3886 9
3887 10
3888 10
3889 10
3890 10
3891 10
3892 10
3893 10
3894 10
3895 10
3896 11
3897 11
3898 11
3899 11
3900 11
3901 11
3902 11
3903 11
3904 10
3905 10
3906 12
3907 12
3908 12
3909 12
3910 10
3911 10
3912 12
3913 12
3914 11
3915 10
3916 12
3917 10
3918 12
3919 10
3920 11
3921 11
3922 11
3923 11
3924 12
3925 12
3926 12
3927 12
3928 12
3929 10
3930 10
3931 10
3932 10
3933 12
3934 12
3935 10
3936 12
3937 10
3938 10
3939 12
3940 12
3941 12
3942 12
3943 12
3944 12
3945 10
3946 10
3947 12
3948 12
3949 12
3950 10
3951 12
3952 12
3953 12
3954 10
3955 12
3956 10
3957 12
3958 12
3959 10
3960 10
3961 10
3962 10
3963 10
3964 10
3965 10
3966 10
3967 10
3968 10
3969 10
3970 10
3971 10
3972 10
3973 12
3974 12
3975 10
3976 12
3977 10
3978 10
3979 10
3980 10
3981 10
3982 11
3983 11
3984 11
3985 11
3986 10
3987 10
3988 12
3989 12
3990 11
3991 10
3992 10
3993 12
3994 12
3995 11
3996 11
3997 11
3998 11
3999 10
4000 12
4001 12
4002 10
4003 12
4004 10
4005 10
4006 10
4007 10
4008 10
4009 10
4010 10
4011 12
4012 10
4013 10
4014 12
4015 10
4016 10
4017 12
4018 10
4019 10
4020 12
4021 10
4022 10
4023 10
4024 10
4025 10
4026 10
4027 11
4028 11
4029 11
4030 11
4031 10
4032 10
4033 10
4034 10
4035 11
4036 11
4037 10
4038 10
4039 10
4040 10
4041 10
4042 10
4043 10
4044 12
4045 10
4046 12
4047 10
4048 10
4049 10
4050 10
4051 11
4052 11
4053 11
4054 10
4055 11
4056 10
4057 10
4058 12
4059 10
4060 12
4061 12
4062 10
4063 12
4064 10
4065 12
4066 12
4067 10
4068 10
4069 10
4070 10
4071 10
4072 10
4073 10
4074 10
4075 10
4076 10
4077 12
4078 12
4079 10
4080 10
4081 10
4082 12
4083 12
4084 10
4085 12
4086 10
4087 10
4088 10
4089 10
4090 12
4091 10
4092 11
4093 11
4094 12
4095 10
4096 12
4097 10
4098 11
4099 11
4100 10
4101 10
4102 11
4103 10
4104 10
4105 10
4106 10
4107 11
4108 11
4109 11
4110 10
4111 10
4112 12
4113 10
4114 11
4115 10
4116 11
4117 11
4118 10
4119 10
4120 12
4121 12
4122 11
4123 11
4124 11
4125 11
4126 10
4127 12
4128 11
4129 10
4130 12
4131 10
4132 12
4133 10
4134 12
4135 11
4136 10
4137 12
4138 12
4139 10
4140 10
4141 10
4142 10
4143 10
4144 11
4145 10
4146 10
4147 10
4148 12
4149 12
4150 12
4151 11
4152 11
4153 11
4154 11
4155 10
4156 12
4157 10
4158 12
4159 12
4160 11
4161 10
4162 12
4163 10
4164 12
4165 10
4166 10
4167 11
4168 11
4169 10
4170 12
4171 10
4172 10
4173 12
4174 10
4175 10
4176 10
4177 10
4178 10
4179 12
4180 10
4181 10
4182 10
4183 10
4184 10
4185 10
4186 10
4187 12
4188 11
4189 11
4190 11
4191 11
4192 10
4193 10
4194 10
4195 10
4196 12
4197 10
4198 10
4199 12
4200 11
4201 11
4202 11
4203 10
4204 12
4205 10
4206 12
4207 12
4208 10
4209 10
4210 10
4211 12
4212 12
4213 10
4214 10
4215 11
4216 11
4217 11
4218 11
4219 11
4220 11
4221 11
4222 11
4223 12
4224 12
4225 10
4226 11
4227 11
4228 11
4229 13
4230 13
4231 11
4232 11
4233 11
4234 13
4235 13
4236 11
4237 13
4238 13
4239 11
4240 12
4241 12
4242 13
4243 11
4244 11
4245 13
4246 12
4247 12
4248 12
4249 11
4250 11
4251 13
4252 13
4253 11
4254 11
4255 12
4256 11
4257 10
4258 12
4259 12
4260 13
4261 13
4262 13
4263 12
4264 12
4265 13
4266 13
4267 13
4268 13
4269 12
4270 13
4271 13
4272 12
4273 10
4274 12
4275 13
4276 10
4277 13
4278 12
4279 12
4280 12
4281 10
4282 10
4283 13
4284 13
4285 11
4286 11
4287 11
4288 13
4289 13
4290 11
4291 12
4292 12
4293 12
4294 10
4295 12
4296 12
4297 12
4298 10
4299 12
4300 10
4301 12
4302 12
4303 13
4304 10
4305 13
4306 13
4307 13
4308 10
4309 10
4310 10
4311 12
4312 12
4313 10
4314 10
4315 10
4316 10
4317 10
4318 12
4319 10
4320 12
4321 10
4322 10
4323 11
4324 10
4325 10
4326 10
4327 10
4328 10
4329 12
4330 12
4331 10
4332 10
4333 10
4334 10
4335 12
4336 12
4337 11
4338 11
4339 12
4340 12
4341 11
4342 11
4343 10
4344 10
4345 10
4346 10
4347 12
4348 12
4349 12
4350 12
4351 10
4352 12
4353 12
4354 12
4355 12
4356 10
4357 10
4358 12
4359 11
4360 10
4361 13
4362 13
4363 12
4364 10
4365 10
4366 11
4367 10
4368 10
4369 10
4370 10
4371 10
4372 12
4373 12
4374 12
4375 12
4376 12
4377 12
4378 12
4379 11
4380 12
4381 10
4382 10
4383 11
4384 11
4385 10
4386 10
4387 10
4388 10
4389 10
4390 10
4391 10
4392 12
4393 12
4394 12
4395 12
4396 12
4397 11
4398 12
4399 12
4400 12
4401 13
4402 10
4403 10
4404 10
4405 11
4406 13
4407 12
4408 10
4409 12
4410 13
4411 13
4412 13
4413 13
4414 12
4415 12
4416 12
4417 12
4418 12
4419 12
4420 12
4421 12
4422 12
4423 12
4424 12
4425 12
4426 12
4427 12
4428 12
4429 12
4430 12
4431 12
4432 12
4433 12
4434 12
4435 12
4436 12
4437 12
4438 12
4439 12
4440 12
4441 12
4442 12
4443 12
4444 12
4445 12
4446 12
4447 12
4448 12
4449 12
4450 12
4451 12
4452 12
4453 12
4454 12
4455 12
4456 12
4457 12
4458 12
4459 12
4460 12
4461 12
4462 12
4463 12
4464 12
4465 12
4466 12
4467 12
4468 12
4469 12
4470 12
4471 12
4472 12
4473 12
4474 12
4475 12
4476 12
4477 12
4478 12
4479 12
4480 12
4481 12
4482 12
4483 12
4484 12
4485 12
4486 12
4487 12
4488 12
4489 12
4490 12
4491 12
4492 12
4493 12
4494 12
4495 12
4496 12
4497 12
4498 12
4499 12
4500 12
4501 12
4502 12
4503 12
4504 12
4505 12
4506 12
4507 12
4508 12
4509 12
4510 12
4511 12
4512 12
4513 12
4514 12
4515 12
4516 12
4517 12
4518 12
4519 12
4520 12
4521 12
4522 12
4523 12
4524 12
4525 12
4526 12
4527 12
4528 12
4529 12
4530 12
4531 12
4532 12
4533 12
4534 12
4535 12
4536 12
4537 12
4538 12
4539 12
4540 12
4541 12
4542 12
4543 12
4544 12
4545 12
4546 12
4547 12
4548 12
4549 12
4550 12
4551 12
4552 12
4553 12
4554 12
4555 12
4556 12
4557 12
4558 12
4559 12
4560 12
4561 12
4562 12
4563 12
4564 12
4565 12
4566 12
4567 12
4568 12
4569 12
4570 12
4571 12
4572 12
4573 12
4574 12
4575 12
4576 12
4577 12
4578 12
4579 12
4580 12
4581 12
4582 12
4583 12
4584 12
4585 12
4586 12
4587 12
4588 12
4589 12
4590 12
4591 12
4592 12
4593 12
4594 12
4595 12
4596 12
4597 12
4598 12
4599 12
4600 12
4601 12
4602 12
4603 12
4604 12
4605 12
4606 12
4607 12
4608 12
4609 12
4610 12
4611 12
4612 12
4613 12
4614 12
4615 12
4616 12
4617 12
4618 12
4619 12
4620 12
4621 12
4622 12
4623 12
4624 12
4625 12
4626 12
4627 12
4628 12
4629 12
4630 12
4631 12
4632 12
4633 12
4634 12
4635 12
4636 12
4637 12
4638 12
4639 12
4640 12
4641 12
4642 12
4643 12
4644 12
4645 12
4646 12
4647 12
4648 12
4649 12
4650 12
4651 12
4652 12
4653 12
4654 12
4655 12
4656 12
4657 12
4658 12
4659 12
4660 12
4661 12
4662 12
4663 12
4664 12
4665 12
4666 12
4667 12
4668 12
4669 12
4670 12
4671 12
4672 12
4673 12
4674 12
4675 12
4676 12
4677 12
4678 12
4679 12
4680 12
4681 12
4682 12
4683 12
4684 12
4685 12
4686 12
4687 12
4688 12
4689 12
4690 12
4691 12
4692 12
4693 12
4694 12
4695 12
4696 12
4697 12
4698 12
4699 12
4700 12
4701 12
4702 12
4703 12
4704 12
4705 12
4706 12
4707 12
4708 12
4709 12
4710 12
4711 12
4712 12
4713 12
4714 12
4715 12
4716 12
4717 12
4718 12
4719 12
4720 12
4721 12
4722 12
4723 12
4724 12
4725 12
4726 12
4727 12
4728 12
4729 12
4730 12
4731 12
4732 12
4733 14
4734 14
4735 14
4736 14
4737 14
4738 14
4739 14
4740 14
4741 14
4742 14
4743 14
4744 14
4745 14
4746 14
4747 14
4748 14
4749 14
4750 14
4751 14
4752 14
4753 14
4754 14
4755 14
4756 14
4757 14
4758 14
4759 14
4760 14
4761 14
4762 14
4763 14
4764 14
4765 14
4766 14
4767 14
4768 14
4769 14
4770 14
4771 14
4772 14
4773 14
4774 14
4775 14
4776 14
4777 14
4778 14
4779 14
4780 14
4781 14
4782 14
4783 14
4784 14
4785 14
4786 14
4787 14
4788 14
4789 14
4790 14
4791 14
4792 14
4793 14
4794 14
4795 14
4796 14
4797 14
4798 14
4799 14
4800 14
4801 14
4802 14
4803 14
4804 14
4805 14
4806 14
4807 14
4808 14
4809 14
4810 14
4811 14
4812 14
4813 14
4814 14
4815 14
4816 14
4817 14
4818 14
4819 14
4820 14
4821 14
4822 14
4823 14
4824 14
4825 14
4826 14
4827 14
4828 14
4829 14
4830 14
4831 14
4832 14
4833 14
4834 14
4835 18
4836 18
4837 18
4838 18
4839 18
4840 18
4841 18
4842 18
4843 18
4844 18
4845 18
4846 18
4847 18
4848 18
4849 18
4850 18
4851 18
4852 18
4853 18
4854 18
4855 0
4856 1
4857 0
4858 0
4859 0
4860 0
4861 0
4862 1
4863 1
4864 0
4865 0
4866 1
4867 1
4868 1
4869 2
4870 2
4871 0
4872 1
4873 1
4874 1
4875 2
4876 1
4877 1
4878 1
4879 2
4880 2
4881 1
4882 0
4883 0
4884 0
4885 1
4886 1
4887 1
4888 1
4889 0
4890 2
4891 1
4892 2
4893 1
4894 1
4895 2
4896 1
4897 1
4898 2
4899 2
4900 1
4901 1
4902 1
4903 0
4904 1
4905 2
4906 1
4907 0
4908 2
4909 1
4910 1
4911 1
4912 2
4913 1
4914 0
4915 1
4916 1
4917 1
4918 1
4919 1
4920 0
4921 1
4922 1
4923 0
4924 0
4925 2
4926 1
4927 2
4928 2
4929 2
4930 0
4931 2
4932 2
4933 1
4934 1
4935 1
4936 1
4937 3
4938 3
4939 3
4940 1
4941 3
4942 3
4943 1
4944 3
4945 0
4946 1
4947 1
4948 1
4949 1
4950 2
4951 2
4952 0
4953 1
4954 1
4955 1
4956 1
4957 0
4958 0
4959 1
4960 1
4961 1
4962 1
4963 1
4964 1
4965 1
4966 1
4967 1
4968 1
4969 1
4970 1
4971 3
4972 4
4973 2
4974 2
4975 1
4976 4
4977 1
4978 1
4979 2
4980 3
4981 3
4982 4
4983 1
4984 2
4985 4
4986 0
4987 2
4988 1
4989 3
4990 0
4991 0
4992 1
4993 1
4994 0
4995 1
4996 1
4997 2
4998 0
4999 1
5000 0
5001 2
5002 3
5003 1
5004 3
5005 2
5006 3
5007 0
5008 3
5009 2
5010 3
5011 3
5012 3
5013 3
5014 3
5015 2
5016 3
5017 1
5018 1
5019 2
5020 3
5021 1
5022 2
5023 2
5024 0
5025 6
5026 6
5027 2
5028 2
5029 1
5030 1
5031 2
5032 2
5033 2
5034 3
5035 2
5036 2
5037 3
5038 3
5039 4
5040 2
5041 2
5042 3
5043 2
5044 3
5045 1
5046 4
5047 4
5048 3
5049 4
5050 1
5051 1
5052 2
5053 3
5054 2
5055 4
5056 4
5057 1
5058 2
5059 2
5060 2
5061 2
5062 3
5063 2
5064 2
5065 2
5066 2
5067 1
5068 3
5069 3
5070 2
5071 2
5072 4
5073 4
5074 2
5075 4
5076 2
5077 4
5078 2
5079 2
5080 3
5081 3
5082 2
5083 1
5084 4
5085 4
5086 3
5087 3
5088 3
5089 2
5090 2
5091 3
5092 2
5093 4
5094 2
5095 3
5096 4
5097 3
5098 3
5099 2
5100 3
5101 0
5102 0
5103 4
5104 4
5105 1
5106 1
5107 2
5108 2
5109 2
5110 1
5111 3
5112 0
5113 2
5114 2
5115 4
5116 4
5117 2
5118 2
5119 3
5120 1
5121 3
5122 2
5123 4
5124 1
5125 2
5126 1
5127 1
5128 1
5129 2
5130 3
5131 0
5132 4
5133 4
5134 4
5135 4
5136 4
5137 0
5138 4
5139 4
5140 1
5141 3
5142 2
5143 3
5144 4
5145 4
5146 2
5147 2
5148 3
5149 3
5150 3
5151 1
5152 1
5153 1
5154 1
5155 1
5156 2
5157 2
5158 4
5159 2
5160 2
5161 4
5162 2
5163 3
5164 3
5165 2
5166 2
5167 2
5168 2
5169 3
5170 2
5171 3
5172 2
5173 3
5174 2
5175 3
5176 4
5177 4
5178 2
5179 2
5180 2
5181 3
5182 3
5183 3
5184 2
5185 4
5186 4
5187 2
5188 1
5189 2
5190 2
5191 2
5192 2
5193 3
5194 4
5195 2
5196 1
5197 2
5198 2
5199 2
5200 2
5201 3
5202 2
5203 3
5204 3
5205 4
5206 2
5207 2
5208 3
5209 3
5210 2
5211 4
5212 4
5213 2
5214 2
5215 2
5216 2
5217 2
5218 2
5219 2
5220 2
5221 2
5222 4
5223 1
5224 2
5225 4
5226 4
5227 4
5228 2
5229 2
5230 2
5231 2
5232 2
5233 2
5234 3
5235 3
5236 2
5237 2
5238 2
5239 2
5240 2
5241 2
5242 2
5243 2
5244 2
5245 3
5246 2
5247 3
5248 3
5249 3
5250 4
5251 2
5252 4
5253 4
5254 3
5255 4
5256 2
5257 4
5258 4
5259 2
5260 4
5261 3
5262 4
5263 2
5264 4
5265 4
5266 2
5267 2
5268 2
5269 2
5270 2
5271 2
5272 2
5273 2
5274 3
5275 4
5276 4
5277 3
5278 3
5279 3
5280 3
5281 2
5282 3
5283 4
5284 3
5285 3
5286 3
5287 3
5288 4
5289 4
5290 4
5291 4
5292 4
5293 4
5294 4
5295 4
5296 2
5297 3
5298 3
5299 2
5300 3
5301 3
5302 3
5303 4
5304 4
5305 2
5306 3
5307 2
5308 2
5309 4
5310 3
5311 3
5312 3
5313 3
5314 3
5315 3
5316 3
5317 4
5318 2
5319 2
5320 3
5321 4
5322 4
5323 4
5324 3
5325 3
5326 3
5327 4
5328 4
5329 2
5330 4
5331 4
5332 4
5333 2
5334 4
5335 4
5336 4
5337 4
5338 4
5339 4
5340 2
5341 2
5342 2
5343 2
5344 2
5345 2
5346 4
5347 4
5348 4
5349 4
5350 4
5351 4
5352 4
5353 4
5354 4
5355 4
5356 2
5357 4
5358 4
5359 2
5360 4
5361 4
5362 2
5363 4
5364 2
5365 4
5366 2
5367 2
5368 3
5369 3
5370 2
5371 2
5372 2
5373 2
5374 2
5375 3
5376 3
5377 3
5378 3
5379 2
5380 2
5381 2
5382 3
5383 2
5384 2
5385 3
5386 3
5387 4
5388 3
5389 3
5390 3
5391 4
5392 3
5393 3
5394 3
5395 2
5396 3
5397 2
5398 3
5399 3
5400 3
5401 2
5402 3
5403 3
5404 3
5405 4
5406 4
5407 4
5408 4
5409 3
5410 3
5411 3
5412 3
5413 4
5414 4
5415 4
5416 4
5417 2
5418 4
5419 2
5420 4
5421 4
5422 4
5423 4
5424 4
5425 3
5426 4
5427 2
5428 2
5429 3
5430 4
5431 4
5432 3
5433 4
5434 3
5435 4
5436 4
5437 2
5438 4
5439 4
5440 3
5441 3
5442 4
5443 4
5444 3
5445 3
5446 4
5447 4
5448 4
5449 4
5450 4
5451 4
5452 4
5453 4
5454 4
5455 4
5456 3
5457 2
5458 2
5459 2
5460 2
5461 2
5462 2
5463 2
5464 2
5465 2
5466 2
5467 3
5468 2
5469 2
5470 3
5471 2
5472 2
5473 3
5474 4
5475 2
5476 4
5477 2
5478 2
5479 4
5480 2
5481 2
5482 2
5483 2
5484 4
5485 2
5486 2
5487 3
5488 4
5489 2
5490 2
5491 2
5492 4
5493 2
5494 2
5495 4
5496 4
5497 5
5498 4
5499 4
5500 6
5501 2
5502 3
5503 5
5504 3
5505 3
5506 3
5507 4
5508 4
5509 4
5510 4
5511 3
5512 4
5513 3
5514 4
5515 4
5516 4
5517 4
5518 4
5519 3
5520 3
5521 3
5522 3
5523 3
5524 4
5525 4
5526 4
5527 4
5528 2
5529 4
5530 4
5531 4
5532 4
5533 4
5534 4
5535 4
5536 4
5537 2
5538 2
5539 3
5540 3
5541 2
5542 3
5543 4
5544 4
5545 4
5546 4
5547 4
5548 4
5549 2
5550 4
5551 4
5552 2
5553 2
5554 4
5555 2
5556 4
5557 2
5558 2
5559 2
5560 2
5561 2
5562 3
5563 3
5564 3
5565 3
5566 4
5567 4
5568 2
5569 4
5570 4
5571 2
5572 2
5573 3
5574 3
5575 3
5576 3
5577 3
5578 4
5579 4
5580 4
5581 4
5582 4
5583 4
5584 4
5585 4
5586 2
5587 4
5588 2
5589 2
5590 2
5591 2
5592 4
5593 5
5594 2
5595 5
5596 4
5597 4
5598 3
5599 4
5600 4
5601 3
5602 4
5603 4
5604 3
5605 3
5606 2
5607 4
5608 2
5609 5
5610 5
5611 5
5612 3
5613 4
5614 2
5615 2
5616 3
5617 4
5618 4
5619 2
5620 4
5621 2
5622 4
5623 2
5624 4
5625 2
5626 2
5627 3
5628 4
5629 2
5630 3
5631 2
5632 6
5633 3
5634 5
5635 5
5636 2
5637 6
5638 5
5639 2
5640 4
5641 5
5642 2
5643 4
5644 2
5645 4
5646 2
5647 2
5648 5
5649 5
5650 2
5651 3
5652 2
5653 2
5654 3
5655 3
5656 3
5657 4
5658 2
5659 2
5660 3
5661 2
5662 2
5663 4
5664 2
5665 2
5666 4
5667 3
5668 3
5669 4
5670 3
5671 4
5672 4
5673 4
5674 1
5675 1
5676 5
5677 5
5678 2
5679 2
5680 6
5681 2
5682 2
5683 3
5684 3
5685 3
5686 4
5687 3
5688 3
5689 3
5690 3
5691 3
5692 3
5693 3
5694 3
5695 1
5696 3
5697 4
5698 1
5699 3
5700 3
5701 5
5702 3
5703 1
5704 3
5705 5
5706 5
5707 4
5708 4
5709 5
5710 5
5711 4
5712 6
5713 5
5714 3
5715 5
5716 3
5717 4
5718 5
5719 3
5720 5
5721 5
5722 1
5723 5
5724 4
5725 6
5726 4
5727 5
5728 3
5729 4
5730 3
5731 3
5732 1
5733 4
5734 3
5735 3
5736 5
5737 2
5738 4
5739 4
5740 4
5741 6
5742 4
5743 2
5744 4
5745 4
5746 6
5747 4
5748 6
5749 5
5750 3
5751 4
5752 5
5753 5
5754 5
5755 4
5756 6
5757 4
5758 3
5759 4
5760 6
5761 6
5762 4
5763 2
5764 2
5765 2
5766 3
5767 6
5768 4
5769 6
5770 1
5771 5
5772 1
5773 5
5774 5
5775 3
5776 3
5777 4
5778 3
5779 3
5780 3
5781 3
5782 3
5783 2
5784 2
5785 2
5786 2
5787 3
5788 3
5789 3
5790 3
5791 2
5792 4
5793 2
5794 4
5795 4
5796 4
5797 4
5798 4
5799 5
5800 3
5801 4
5802 5
5803 5
5804 3
5805 5
5806 5
5807 2
5808 2
5809 3
5810 4
5811 4
5812 4
5813 4
5814 3
5815 5
5816 5
5817 5
5818 3
5819 3
5820 2
5821 3
5822 3
5823 3
5824 2
5825 4
5826 5
5827 3
5828 3
5829 5
5830 3
5831 3
5832 5
5833 5
5834 3
5835 4
5836 2
5837 5
5838 5
5839 5
5840 5
5841 6
5842 6
5843 4
5844 4
5845 4
5846 5
5847 3
5848 5
5849 5
5850 4
5851 4
5852 6
5853 6
5854 4
5855 5
5856 3
5857 2
5858 3
5859 3
5860 5
5861 3
5862 3
5863 4
5864 4
5865 5
5866 5
5867 3
5868 3
5869 2
5870 2
5871 3
5872 3
5873 3
5874 3
5875 4
5876 2
5877 4
5878 2
5879 3
5880 3
5881 3
5882 3
5883 4
5884 4
5885 4
5886 5
5887 5
5888 3
5889 5
5890 5
5891 2
5892 3
5893 3
5894 4
5895 2
5896 4
5897 4
5898 4
5899 3
5900 5
5901 3
5902 3
5903 5
5904 5
5905 2
5906 2
5907 3
5908 4
5909 3
5910 5
5911 6
5912 1
5913 5
5914 5
5915 5
5916 6
5917 6
5918 6
5919 5
5920 5
5921 5
5922 5
5923 6
5924 4
5925 5
5926 5
5927 3
5928 4
5929 3
5930 5
5931 5
5932 3
5933 3
5934 3
5935 4
5936 3
5937 5
5938 4
5939 3
5940 5
5941 4
5942 4
5943 2
5944 4
5945 4
5946 6
5947 1
5948 5
5949 5
5950 2
5951 2
5952 5
5953 5
5954 5
5955 4
5956 4
5957 6
5958 6
5959 3
5960 3
5961 3
5962 5
5963 5
5964 3
5965 3
5966 4
5967 4
5968 3
5969 3
5970 3
5971 3
5972 2
5973 3
5974 3
5975 4
5976 4
5977 3
5978 3
5979 4
5980 2
5981 4
5982 3
5983 3
5984 2
5985 4
5986 4
5987 3
5988 4
5989 3
5990 5
5991 3
5992 4
5993 3
5994 3
5995 3
5996 4
5997 5
5998 4
5999 5
6000 5
6001 5
6002 4
6003 4
6004 4
6005 4
6006 4
6007 3
6008 3
6009 3
6010 3
6011 2
6012 3
6013 3
6014 4
6015 5
6016 4
6017 2
6018 3
6019 3
6020 4
6021 3
6022 4
6023 4
6024 3
6025 5
6026 4
6027 2
6028 2
6029 4
6030 3
6031 5
6032 3
6033 3
6034 5
6035 5
6036 5
6037 4
6038 5
6039 5
6040 5
6041 5
6042 5
6043 2
6044 2
6045 4
6046 3
6047 4
6048 5
6049 5
6050 3
6051 3
6052 4
6053 5
6054 3
6055 5
6056 2
6057 2
6058 4
6059 5
6060 4
6061 3
6062 4
6063 3
6064 5
6065 5
6066 3
6067 4
6068 4
6069 5
6070 5
6071 5
6072 5
6073 6
6074 5
6075 3
6076 3
6077 6
6078 6
6079 6
6080 6
6081 4
6082 4
6083 4
6084 4
6085 5
6086 5
6087 5
6088 5
6089 5
6090 5
6091 4
6092 5
6093 5
6094 4
6095 3
6096 3
6097 3
6098 5
6099 4
6100 3
6101 3
6102 5
6103 3
6104 5
6105 3
6106 2
6107 6
6108 6
6109 6
6110 5
6111 4
6112 5
6113 5
6114 3
6115 5
6116 5
6117 4
6118 4
6119 4
6120 6
6121 4
6122 3
6123 6
6124 4
6125 4
6126 6
6127 6
6128 4
6129 6
6130 5
6131 6
6132 3
6133 6
6134 6
6135 6
6136 5
6137 4
6138 6
6139 2
6140 2
6141 2
6142 3
6143 3
6144 3
6145 3
6146 3
6147 3
6148 3
6149 3
6150 0
6151 0
6152 4
6153 4
6154 0
6155 4
6156 4
6157 4
6158 4
6159 4
6160 4
6161 4
6162 4
6163 6
6164 4
6165 2
6166 4
6167 1
6168 1
6169 5
6170 5
6171 3
6172 2
6173 2
6174 1
6175 3
6176 1
6177 3
6178 3
6179 5
6180 2
6181 4
6182 3
6183 3
6184 2
6185 4
6186 2
6187 4
6188 4
6189 2
6190 2
6191 4
6192 3
6193 3
6194 3
6195 3
6196 4
6197 4
6198 6
6199 6
6200 1
6201 5
6202 5
6203 6
6204 5
6205 5
6206 2
6207 2
6208 2
6209 6
6210 5
6211 3
6212 1
6213 1
6214 5
6215 5
6216 5
6217 5
6218 4
6219 4
6220 4
6221 6
6222 6
6223 6
6224 6
6225 4
6226 4
6227 5
6228 2
6229 3
6230 4
6231 4
6232 5
6233 5
6234 4
6235 4
6236 3
6237 5
6238 4
6239 2
6240 2
6241 2
6242 3
6243 3
6244 6
6245 6
6246 6
6247 6
6248 5
6249 6
6250 5
6251 3
6252 4
6253 3
6254 5
6255 5
6256 2
6257 6
6258 3
6259 3
6260 1
6261 3
6262 2
6263 4
6264 5
6265 5
6266 4
6267 4
6268 2
6269 5
6270 5
6271 5
6272 5
6273 3
6274 5
6275 5
6276 5
6277 5
6278 5
6279 1
6280 1
6281 3
6282 5
6283 5
6284 5
6285 2
6286 2
6287 5
6288 5
6289 5
6290 5
6291 5
6292 5
6293 1
6294 5
6295 4
6296 6
6297 2
6298 2
6299 5
6300 3
6301 2
6302 4
6303 3
6304 5
6305 2
6306 3
6307 3
6308 4
6309 2
6310 3
6311 2
6312 3
6313 4
6314 5
6315 5
6316 5
6317 5
6318 1
6319 5
6320 2
6321 2
6322 3
6323 3
6324 3
6325 5
6326 3
6327 4
6328 6
6329 6
6330 5
6331 5
6332 5
6333 3
6334 6
6335 4
6336 5
6337 5
6338 5
6339 5
6340 4
6341 6
6342 5
6343 5
6344 5
6345 5
6346 5
6347 4
6348 5
6349 5
6350 5
6351 5
6352 5
6353 5
6354 5
6355 4
6356 5
6357 5
6358 5
6359 5
6360 3
6361 4
6362 5
6363 3
6364 5
6365 4
6366 3
6367 5
6368 4
6369 6
6370 5
6371 5
6372 6
6373 3
6374 5
6375 3
6376 5
6377 6
6378 5
6379 3
6380 5
6381 3
6382 3
6383 5
6384 4
6385 5
6386 6
6387 6
6388 3
6389 4
6390 5
6391 3
6392 5
6393 3
